Generacion: 1 totalA:43
N		 inicial		Aptitud		seleccion		cruza		mutacion		
1		00110			0			01111			01001			01001		0.0135162
2		01011			5			00001			00111			00111		0.139534
3		00100			0			00000			00000			00000		0.0187065
4		00100			0			00000			00000			00000		0.0187065
5		01011			5			00000			00000			00000		0.139534
6		00110			0			00000			00000			10000		0.0135162
7		10000			6			00000			00000			00000		0.149416
8		01111			3			00000			00000			00000		0.0877483
9		00011			0			00000			00000			00000		0.021723
10		01110			3			00000			00000			00000		0.0699866
11		11011			7			00000			00000			00000		0.173059
12		10010			10			00000			00000			00000		0.242052
13		00011			0			00000			00000			00000		0.021723
14		00110			0			00000			00000			00000		0.0135162
15		01111			3			00000			00000			00000		0.0877483
16		00001			1			00000			00000			00000		0.0327377
Generacion: 2 totalA:33
N		 inicial		Aptitud		seleccion		cruza		mutacion		
1		01001			1			00000			00000			00000		0.0502513
2		00111			0			00000			00000			00000		0.0228101
3		00000			2			00000			00000			00000		0.0757576
4		00000			2			00000			00000			00000		0.0757576
5		00000			2			00000			00000			00000		0.0757576
6		10000			6			00000			00000			10000		0.194693
7		00000			2			00000			00000			00000		0.0757576
8		00000			2			00000			00000			00000		0.0757576
9		00000			2			00000			00000			00000		0.0757576
10		00000			2			00000			00000			00000		0.0757576
11		00000			2			00000			00000			00000		0.0757576
12		00000			2			00000			00000			00000		0.0757576
13		00000			2			00000			00000			00000		0.0757576
14		00000			2			00000			00000			00000		0.0757576
15		00000			2			00000			00000			00000		0.0757576
16		00000			2			00000			00000			00000		0.0757576
Generacion: 3 totalA:36
N		 inicial		Aptitud		seleccion		cruza		mutacion		
1		00000			2			00000			00000			00000		0.0694444
2		00000			2			00000			00000			00000		0.0694444
3		00000			2			00000			00000			00000		0.0694444
4		00000			2			00000			00000			00000		0.0694444
5		00000			2			00000			00000			00000		0.0694444
6		10000			6			00000			00000			10000		0.178469
7		00000			2			00000			00000			00000		0.0694444
8		00000			2			00000			00000			00000		0.0694444
9		00000			2			00000			00000			00000		0.0694444
10		00000			2			00000			00000			00000		0.0694444
11		00000			2			00000			00000			00000		0.0694444
12		00000			2			00000			00000			00000		0.0694444
13		00000			2			00000			00000			00000		0.0694444
14		00000			2			00000			00000			00000		0.0694444
15		00000			2			00000			00000			00000		0.0694444
16		00000			2			00000			00000			00000		0.0694444
Generacion: 4 totalA:36
N		 inicial		Aptitud		seleccion		cruza		mutacion		
1		00000			2			00000			00000			00000		0.0694444
2		00000			2			00000			00000			00000		0.0694444
3		00000			2			00000			00000			00000		0.0694444
4		00000			2			00000			00000			00000		0.0694444
5		00000			2			00000			00000			00000		0.0694444
6		10000			6			00000			00000			10000		0.178469
7		00000			2			00000			00000			00000		0.0694444
8		00000			2			00000			00000			00000		0.0694444
9		00000			2			00000			00000			00000		0.0694444
10		00000			2			00000			00000			00000		0.0694444
11		00000			2			00000			00000			00000		0.0694444
12		00000			2			00000			00000			00000		0.0694444
13		00000			2			00000			00000			00000		0.0694444
14		00000			2			00000			00000			00000		0.0694444
15		00000			2			00000			00000			00000		0.0694444
16		00000			2			00000			00000			00000		0.0694444
Generacion: 5 totalA:36
N		 inicial		Aptitud		seleccion		cruza		mutacion		
1		00000			2			00000			00000			00000		0.0694444
2		00000			2			00000			00000			00000		0.0694444
3		00000			2			00000			00000			00000		0.0694444
4		00000			2			00000			00000			00000		0.0694444
5		00000			2			00000			00000			00000		0.0694444
6		10000			6			00000			00000			10000		0.178469
7		00000			2			00000			00000			00000		0.0694444
8		00000			2			00000			00000			00000		0.0694444
9		00000			2			00000			00000			00000		0.0694444
10		00000			2			00000			00000			00000		0.0694444
11		00000			2			00000			00000			00000		0.0694444
12		00000			2			00000			00000			00000		0.0694444
13		00000			2			00000			00000			00000		0.0694444
14		00000			2			00000			00000			00000		0.0694444
15		00000			2			00000			00000			00000		0.0694444
16		00000			2			00000			00000			00000		0.0694444
Generacion: 6 totalA:36
N		 inicial		Aptitud		seleccion		cruza		mutacion		
1		00000			2			00000			00000			00000		0.0694444
2		00000			2			00000			00000			00000		0.0694444
3		00000			2			00000			00000			00000		0.0694444
4		00000			2			00000			00000			00000		0.0694444
5		00000			2			00000			00000			00000		0.0694444
6		10000			6			00000			00000			10000		0.178469
7		00000			2			00000			00000			00000		0.0694444
8		00000			2			00000			00000			00000		0.0694444
9		00000			2			00000			00000			00000		0.0694444
10		00000			2			00000			00000			00000		0.0694444
11		00000			2			00000			00000			00000		0.0694444
12		00000			2			00000			00000			00000		0.0694444
13		00000			2			00000			00000			00000		0.0694444
14		00000			2			00000			00000			00000		0.0694444
15		00000			2			00000			00000			00000		0.0694444
16		00000			2			00000			00000			00000		0.0694444
Generacion: 7 totalA:36
N		 inicial		Aptitud		seleccion		cruza		mutacion		
1		00000			2			00000			00000			00000		0.0694444
2		00000			2			00000			00000			00000		0.0694444
3		00000			2			00000			00000			00000		0.0694444
4		00000			2			00000			00000			00000		0.0694444
5		00000			2			00000			00000			00000		0.0694444
6		10000			6			00000			00000			10000		0.178469
7		00000			2			00000			00000			00000		0.0694444
8		00000			2			00000			00000			00000		0.0694444
9		00000			2			00000			00000			00000		0.0694444
10		00000			2			00000			00000			00000		0.0694444
11		00000			2			00000			00000			00000		0.0694444
12		00000			2			00000			00000			00000		0.0694444
13		00000			2			00000			00000			00000		0.0694444
14		00000			2			00000			00000			00000		0.0694444
15		00000			2			00000			00000			00000		0.0694444
16		00000			2			00000			00000			00000		0.0694444
Generacion: 8 totalA:36
N		 inicial		Aptitud		seleccion		cruza		mutacion		
1		00000			2			00000			00000			00000		0.0694444
2		00000			2			00000			00000			00000		0.0694444
3		00000			2			00000			00000			00000		0.0694444
4		00000			2			00000			00000			00000		0.0694444
5		00000			2			00000			00000			00000		0.0694444
6		10000			6			00000			00000			10000		0.178469
7		00000			2			00000			00000			00000		0.0694444
8		00000			2			00000			00000			00000		0.0694444
9		00000			2			00000			00000			00000		0.0694444
10		00000			2			00000			00000			00000		0.0694444
11		00000			2			00000			00000			00000		0.0694444
12		00000			2			00000			00000			00000		0.0694444
13		00000			2			00000			00000			00000		0.0694444
14		00000			2			00000			00000			00000		0.0694444
15		00000			2			00000			00000			00000		0.0694444
16		00000			2			00000			00000			00000		0.0694444
Generacion: 9 totalA:36
N		 inicial		Aptitud		seleccion		cruza		mutacion		
1		00000			2			00000			00000			00000		0.0694444
2		00000			2			00000			00000			00000		0.0694444
3		00000			2			00000			00000			00000		0.0694444
4		00000			2			00000			00000			00000		0.0694444
5		00000			2			00000			00000			00000		0.0694444
6		10000			6			00000			00000			10000		0.178469
7		00000			2			00000			00000			00000		0.0694444
8		00000			2			00000			00000			00000		0.0694444
9		00000			2			00000			00000			00000		0.0694444
10		00000			2			00000			00000			00000		0.0694444
11		00000			2			00000			00000			00000		0.0694444
12		00000			2			00000			00000			00000		0.0694444
13		00000			2			00000			00000			00000		0.0694444
14		00000			2			00000			00000			00000		0.0694444
15		00000			2			00000			00000			00000		0.0694444
16		00000			2			00000			00000			00000		0.0694444
Generacion: 10 totalA:36
N		 inicial		Aptitud		seleccion		cruza		mutacion		
1		00000			2			00000			00000			00000		0.0694444
2		00000			2			00000			00000			00000		0.0694444
3		00000			2			00000			00000			00000		0.0694444
4		00000			2			00000			00000			00000		0.0694444
5		00000			2			00000			00000			00000		0.0694444
6		10000			6			00000			00000			10000		0.178469
7		00000			2			00000			00000			00000		0.0694444
8		00000			2			00000			00000			00000		0.0694444
9		00000			2			00000			00000			00000		0.0694444
10		00000			2			00000			00000			00000		0.0694444
11		00000			2			00000			00000			00000		0.0694444
12		00000			2			00000			00000			00000		0.0694444
13		00000			2			00000			00000			00000		0.0694444
14		00000			2			00000			00000			00000		0.0694444
15		00000			2			00000			00000			00000		0.0694444
16		00000			2			00000			00000			00000		0.0694444
