Ranking: 
0		0.89
1		0.90
2		0.91
3		0.91
4		0.92
5		0.93
6		0.93
7		0.94
8		0.95
9		0.95
10		0.96
11		0.96
12		0.97
13		0.98
14		0.98
15		0.99
16		1.00
17		1.00
18		1.01
19		1.02
20		1.02
21		1.03
22		1.04
23		1.04
24		1.05
25		1.05
26		1.06
27		1.07
28		1.07
29		1.08
30		1.09
31		1.09
Generacion: 1 totalA:80.66
N		 inicial		Aptitud		seleccion		cruza		mutacion		
1		00000			2.50			00000			00001			00001		
2		00000			2.50			00001			00000			00000		
3		00000			2.50			01111			01001			01001		
4		00001			1.41			10001			10111			10111		
5		00001			1.41			00000			00001			00001		
6		00001			1.41			10001			10000			10000		
7		00001			1.41			01111			01000			01000		
8		00001			1.41			10000			10111			10111		
9		00001			1.41			10001			10001			10001		
10		00001			1.41			10001			10001			10001		
11		00010			1.03			00000			00001			00001		
12		00011			0.93			10001			10000			10000		
13		00011			0.93			10001			10001			10001		
14		00011			0.93			10001			10001			10001		
15		00101			0.00			00000			00111			01111		
16		00101			0.00			01111			01000			01001		
17		00101			0.00			10001			10001			10011		
18		00101			0.00			10001			10001			10001		
19		00110			0.58			00000			00011			00011		
20		00110			0.58			01011			01000			01000		
21		00111			0.75			01111			01000			01000		
22		00111			0.75			00000			00111			00111		
23		00111			0.75			10001			10001			10001		
24		00111			0.75			10001			10001			10001		
25		01000			1.00			10000			10111			10111		
26		01010			3.43			01111			01000			01000		
27		01011			6.00			10001			10000			10000		
28		01111			3.77			00000			00001			00001		
29		10000			6.42			00000			00000			00000		
30		10001			11.55			00000			00000			00000		
31		10001			11.55			01111			01000			01000		
32		10001			11.55			00000			00111			00111		
Generacion: 2 totalA:181.15
N		 inicial		Aptitud		seleccion		cruza		mutacion		
1		00001			1.41			01111			01001			01001		
2		00000			2.50			10001			10111			10111		
3		01001			1.66			00001			00011			00011		
4		10111			15.60			00011			00001			00001		
5		00001			1.41			01000			01011			01011		
6		10000			6.42			00011			00000			00010		
7		01000			1.00			00011			00111			00111		
8		10111			15.60			01111			01011			11011		
9		10001			11.55			10001			10001			10001		
10		10001			11.55			01001			01001			01001		
11		00001			1.41			10111			10111			10111		
12		10000			6.42			01111			01111			01111		
13		10001			11.55			01000			01001			01001		
14		10001			11.55			10001			10000			10000		
15		01111			3.77			01111			01001			01001		
16		01001			1.66			01001			01111			11111		
17		10011			6.51			10001			10001			10001		
18		10001			11.55			10001			10001			10001		
19		00011			0.93			10111			10000			10000		
20		01000			1.00			01000			01111			01111		
21		01000			1.00			10001			10001			10001		
22		00111			0.75			00001			00001			00001		
23		10001			11.55			00001			00001			00001		
24		10001			11.55			10001			10001			10001		
25		10111			15.60			00001			00001			00001		
26		01000			1.00			00001			00001			00001		
27		10000			6.42			00011			00001			00001		
28		00001			1.41			00001			00011			00011		
29		00000			2.50			01111			01001			01001		
30		00000			2.50			10001			10111			10111		
31		01000			1.00			10001			10001			10001		
32		00111			0.75			10001			10001			10001		
Generacion: 3 totalA:198.20
N		 inicial		Aptitud		seleccion		cruza		mutacion		
1		01001			1.66			01111			01001			01001		
2		10111			15.60			10001			10111			10111		
3		00011			0.93			00001			00001			00001		
4		00001			1.41			00001			00001			00001		
5		01011			6.00			10000			10111			10111		
6		00010			1.03			01111			01000			01010		
7		00111			0.75			10001			10111			10111		
8		11011			7.44			01111			01001			01011		
9		10001			11.55			10001			10001			10001		
10		01001			1.66			10001			10001			10001		
11		10111			15.60			10111			10000			10000		
12		01111			3.77			10000			10111			10111		
13		01001			1.66			01111			01001			01001		
14		10000			6.42			10001			10111			10111		
15		01001			1.66			01111			01001			01001		
16		11111			16.29			01001			01111			11111		
17		10001			11.55			01111			01010			01010		
18		10001			11.55			00010			00111			00111		
19		10000			6.42			10001			10111			10111		
20		01111			3.77			01111			01001			01001		
21		10001			11.55			01111			01001			01001		
22		00001			1.41			00001			00111			00111		
23		00001			1.41			01111			01001			01001		
24		10001			11.55			10001			10111			10111		
25		00001			1.41			00011			00001			00001		
26		00001			1.41			10001			10011			10011		
27		00001			1.41			01111			01000			01000		
28		00011			0.93			10000			10111			10111		
29		01001			1.66			10001			10111			10111		
30		10111			15.60			01111			01001			01001		
31		10001			11.55			10001			10001			10001		
32		10001			11.55			10001			10001			10001		
Generacion: 4 totalA:247.06
N		 inicial		Aptitud		seleccion		cruza		mutacion		
1		01001			1.66			10001			10001			10001		
2		10111			15.60			01001			01001			01001		
3		00001			1.41			10001			10001			10001		
4		00001			1.41			01001			01001			01001		
5		10111			15.60			01011			01001			01001		
6		01010			3.43			10001			10011			11011		
7		10111			15.60			10111			10001			10001		
8		01011			6.00			00001			00111			00111		
9		10001			11.55			00001			00001			00001		
10		10001			11.55			10001			10001			10001		
11		10000			6.42			10001			10111			10111		
12		10111			15.60			10111			10001			10001		
13		01001			1.66			01001			01010			01010		
14		10111			15.60			01010			01001			01001		
15		01001			1.66			10000			10001			10001		
16		11111			16.29			01001			01000			01001		
17		01010			3.43			01001			01001			11001		
18		00111			0.75			00001			00001			00001		
19		10111			15.60			01001			01111			01111		
20		01001			1.66			10111			10001			10001		
21		01001			1.66			00001			00001			00001		
22		00111			0.75			01001			01001			01001		
23		01001			1.66			10000			10010			10010		
24		10111			15.60			01010			01000			01000		
25		00001			1.41			01010			01001			01001		
26		10011			6.51			10001			10010			10010		
27		01000			1.00			10001			10011			10011		
28		10111			15.60			01011			01001			01001		
29		10111			15.60			01010			01001			01001		
30		01001			1.66			00001			00010			00010		
31		10001			11.55			10111			10001			10001		
32		10001			11.55			10001			10111			10111		
Generacion: 5 totalA:198.25
N		 inicial		Aptitud		seleccion		cruza		mutacion		
1		10001			11.55			10111			10001			10001		
2		01001			1.66			01001			01111			01111		
3		10001			11.55			10111			10111			10111		
4		01001			1.66			10111			10111			10111		
5		01001			1.66			00001			00011			00011		
6		11011			7.44			10011			10001			10001		
7		10001			11.55			01001			01111			11111		
8		00111			0.75			10111			10001			10001		
9		00001			1.41			10111			10011			10011		
10		10001			11.55			10011			10111			10111		
11		10111			15.60			00001			00011			00011		
12		10001			11.55			10011			10001			10001		
13		01010			3.43			00001			00111			00111		
14		01001			1.66			10111			10001			10001		
15		10001			11.55			01001			01111			01111		
16		01001			1.66			10111			10001			10011		
17		11001			10.71			10111			10001			10001		
18		00001			1.41			00001			00111			00111		
19		01111			3.77			10011			10001			10001		
20		10001			11.55			11001			11011			11111		
21		00001			1.41			10111			10010			10010		
22		01001			1.66			01010			01111			01111		
23		10010			10.41			10111			10001			10001		
24		01000			1.00			10001			10111			10111		
25		01001			1.66			10001			10001			10001		
26		10010			10.41			01001			01001			01001		
27		10011			6.51			10111			10111			10111		
28		01001			1.66			10111			10111			10111		
29		01001			1.66			10111			10001			10001		
30		00010			1.03			00001			00111			00111		
31		10001			11.55			10111			10001			10001		
32		10111			15.60			00001			00111			00111		
Generacion: 6 totalA:294.57
N		 inicial		Aptitud		seleccion		cruza		mutacion		
1		10001			11.55			10010			10111			10111		
2		01111			3.77			11111			11010			11010		
3		10111			15.60			10001			10001			10001		
4		10111			15.60			10001			10001			10001		
5		00011			0.93			10001			10001			10001		
6		10001			11.55			10001			10001			10001		
7		11111			16.29			11111			11111			11111		
8		10001			11.55			01111			01111			01111		
9		10011			6.51			10001			10011			10011		
10		10111			15.60			00011			00001			00001		
11		00011			0.93			10010			10111			10111		
12		10001			11.55			10111			10010			10010		
13		00111			0.75			10011			10111			10111		
14		10001			11.55			11111			11011			11011		
15		01111			3.77			10001			10111			10111		
16		10011			6.51			10111			10001			10011		
17		10001			11.55			10010			10111			11111		
18		00111			0.75			10111			10010			10010		
19		10001			11.55			01111			01001			01001		
20		11111			16.29			10001			10111			11111		
21		10010			10.41			10111			10010			10010		
22		01111			3.77			10010			10111			10111		
23		10001			11.55			00111			00111			00111		
24		10111			15.60			00111			00111			00111		
25		10001			11.55			11111			11111			11111		
26		01001			1.66			00111			00111			00111		
27		10111			15.60			01001			01010			01010		
28		10111			15.60			10010			10001			10001		
29		10001			11.55			01111			01001			01001		
30		00111			0.75			10001			10111			10111		
31		10001			11.55			00111			00111			00111		
32		00111			0.75			00111			00111			00111		
Generacion: 7 totalA:291.53
N		 inicial		Aptitud		seleccion		cruza		mutacion		
1		10111			15.60			11010			11111			11111		
2		11010			7.60			00111			00010			00010		
3		10001			11.55			11011			11111			11111		
4		10001			11.55			10111			10011			10011		
5		10001			11.55			10011			10001			10001		
6		10001			11.55			10001			10011			10011		
7		11111			16.29			01111			01011			11011		
8		01111			3.77			10011			10111			10111		
9		10011			6.51			10001			10001			10001		
10		00001			1.41			10001			10001			10001		
11		10111			15.60			10010			10011			10011		
12		10010			10.41			10011			10010			10010		
13		10111			15.60			01001			01111			01111		
14		11011			7.44			00111			00001			00001		
15		10111			15.60			11010			11111			11111		
16		10011			6.51			10111			10010			10011		
17		11111			16.29			11010			11011			11111		
18		10010			10.41			11011			11010			11010		
19		01001			1.66			10010			10001			10001		
20		11111			16.29			10001			10010			10010		
21		10010			10.41			10011			10111			10111		
22		10111			15.60			00111			00011			00011		
23		00111			0.75			10011			10010			10010		
24		00111			0.75			10010			10011			10011		
25		11111			16.29			01111			01111			01111		
26		00111			0.75			10111			10111			10111		
27		01010			3.43			01001			01010			01010		
28		10001			11.55			11010			11001			11001		
29		01001			1.66			00111			00011			00011		
30		10111			15.60			10011			10111			10111		
31		00111			0.75			10010			10111			10111		
32		00111			0.75			01111			01010			01010		
Generacion: 8 totalA:297.64
N		 inicial		Aptitud		seleccion		cruza		mutacion		
1		11111			16.29			11010			11001			11001		
2		00010			1.03			10001			10010			10010		
3		11111			16.29			10111			10010			10010		
4		10011			6.51			11010			11111			11111		
5		10001			11.55			10011			10010			10010		
6		10011			6.51			11010			11011			11011		
7		11011			7.44			00011			00010			00011		
8		10111			15.60			11010			11011			11011		
9		10001			11.55			10001			10001			10001		
10		10001			11.55			11001			11001			11001		
11		10011			6.51			11010			11001			11001		
12		10010			10.41			10001			10010			10010		
13		01111			3.77			10001			10011			10011		
14		00001			1.41			00011			00001			00001		
15		11111			16.29			00011			00001			00001		
16		10011			6.51			10001			10011			11011		
17		11111			16.29			11011			11011			11111		
18		11010			7.60			00011			00011			00011		
19		10001			11.55			10011			10011			10011		
20		10010			10.41			10011			10011			10011		
21		10111			15.60			10111			10001			10001		
22		00011			0.93			00001			00111			00111		
23		10010			10.41			11010			11011			11011		
24		10011			6.51			00011			00010			00010		
25		01111			3.77			10111			10111			10111		
26		10111			15.60			10111			10111			10111		
27		01010			3.43			01010			01010			01010		
28		11001			10.71			11010			11010			11010		
29		00011			0.93			10111			10111			10111		
30		10111			15.60			01111			01111			01111		
31		10111			15.60			01010			01011			01011		
32		01010			3.43			00011			00010			00010		
Generacion: 9 totalA:253.86
N		 inicial		Aptitud		seleccion		cruza		mutacion		
1		11001			10.71			10010			10001			10001		
2		10010			10.41			00001			00010			00010		
3		10010			10.41			00111			00010			00010		
4		11111			16.29			01010			01111			01111		
5		10010			10.41			01111			01001			01001		
6		11011			7.44			11001			11111			11111		
7		00011			0.93			11111			11001			11001		
8		11011			7.44			10001			10111			10111		
9		10001			11.55			11001			11011			11011		
10		11001			10.71			00011			00001			00001		
11		11001			10.71			11111			11010			11010		
12		10010			10.41			10010			10111			10111		
13		10011			6.51			10010			10001			10001		
14		00001			1.41			00001			00010			00010		
15		00001			1.41			10010			10111			10111		
16		11011			7.44			10111			10010			10011		
17		11111			16.29			10001			10011			11011		
18		00011			0.93			01011			01001			01001		
19		10011			6.51			10010			10010			10010		
20		10011			6.51			10010			10010			10010		
21		10001			11.55			01111			01010			01010		
22		00111			0.75			00010			00111			00111		
23		11011			7.44			10010			10011			10011		
24		00010			1.03			11011			11010			11010		
25		10111			15.60			00111			00011			00011		
26		10111			15.60			10011			10111			10111		
27		01010			3.43			11001			11011			11011		
28		11010			7.60			11011			11001			11001		
29		10111			15.60			00001			00010			00010		
30		01111			3.77			10010			10001			10001		
31		01011			6.00			10010			10010			10010		
32		00010			1.03			10010			10010			10010		
Generacion: 10 totalA:244.70
N		 inicial		Aptitud		seleccion		cruza		mutacion		
1		10001			11.55			01001			01010			01010		
2		00010			1.03			10010			10001			10001		
3		00010			1.03			00010			00010			00010		
4		01111			3.77			00010			00010			00010		
5		01001			1.66			10010			10011			11011		
6		11111			16.29			11011			11010			11010		
7		11001			10.71			01001			01111			01111		
8		10111			15.60			10111			10001			10001		
9		11011			7.44			11001			11010			11010		
10		00001			1.41			11010			11001			11001		
11		11010			7.60			10001			10001			10001		
12		10111			15.60			10001			10001			10001		
13		10001			11.55			11011			11001			11001		
14		00010			1.03			11001			11011			11011		
15		10111			15.60			10111			10010			10010		
16		10011			6.51			10010			10111			11111		
17		11011			7.44			10010			10111			11111		
18		01001			1.66			10111			10010			10010		
19		10010			10.41			00010			00011			00011		
20		10010			10.41			11011			11010			11010		
21		01010			3.43			10010			10011			10011		
22		00111			0.75			10011			10010			10010		
23		10011			6.51			11011			11010			11010		
24		11010			7.60			00010			00011			00011		
25		00011			0.93			01001			01001			01001		
26		10111			15.60			11001			11001			11001		
27		11011			7.44			10011			10011			10011		
28		11001			10.71			11011			11011			11011		
29		00010			1.03			10001			10011			10011		
30		10001			11.55			11011			11001			11001		
31		10010			10.41			10010			10001			10001		
32		10010			10.41			00001			00010			00010		
