Generacion: 1
N		 inicial		x^2		seleccion		cruza		mutacion		
1		01011			121			11100			11011			11011
2		00001			1			00011			00100			00100
3		01000			64			00011			00000			00000
4		10000			256			00000			00011			00011
5		00111			49			11100			11111			11111
6		00001			1			00111			00100			00100
7		00101			25			11111			11111			11111
8		10111			529			00111			00111			00111
9		10101			441			01100			01101			01101
10		00110			36			10101			10100			10100
11		01000			64			11100			11111			11111
12		11010			676			11111			11100			11100
13		00101			25			11111			11100			11100
14		11100			784			00100			00111			00111
15		00100			16			00101			00100			00100
16		11010			676			00100			00101			00101
17		00101			25			00011			00101			00101
18		10100			400			10101			10011			10011
19		11100			784			00101			00000			00000
20		01100			144			00000			00101			00101
21		00101			25			01100			01111			01111
22		11100			784			00111			00100			01100
23		00111			49			00100			00011			00011
24		10100			400			00011			00100			00100
25		00011			9			10101			10100			10100
26		10011			361			01100			01101			01101
27		11111			961			11111			11100			11100
28		00000			0			11100			11111			11111
29		00001			1			00101			00111			00111
30		00011			9			00111			00101			00101
31		10011			361			00100			00110			00110
32		11100			784			00110			00100			00100
Generacion: 2
N		 inicial		x^2		seleccion		cruza		mutacion		
1		11011			729			00111			00100			00100
2		00100			16			11100			11111			11111
3		00000			0			00111			00111			00111
4		00011			9			11111			11111			11111
5		11111			961			00100			00100			00100
6		00100			16			11100			11100			11100
7		11111			961			11111			11100			11100
8		00111			49			11100			11111			11111
9		01101			169			11111			11000			11100
10		10100			400			00000			00111			00111
11		11111			961			01101			01111			11111
12		11100			784			00111			00101			00101
13		11100			784			11100			11111			11111
14		00111			49			11111			11100			11100
15		00100			16			00111			00111			00111
16		00101			25			00111			00111			00111
17		00101			25			00111			00111			00111
18		10011			361			11111			11111			11111
19		00000			0			11111			11000			11000
20		00101			25			00000			00111			00111
21		01111			225			00111			00101			00111
22		01100			144			01101			01111			01111
23		00011			9			00100			00111			00111
24		00100			16			00111			00100			00100
25		10100			400			00000			00111			00111
26		01101			169			11111			11000			11000
27		11100			784			11111			11111			11111
28		11111			961			00111			00111			00111
29		00111			49			00000			00100			00100
30		00101			25			00100			00000			00000
31		00110			36			11111			11111			11111
32		00100			16			00111			00111			00111
Generacion: 3
N		 inicial		x^2		seleccion		cruza		mutacion		
1		00100			16			00100			00111			00111
2		11111			961			00111			00100			00100
3		00111			49			00101			00100			00100
4		11111			961			11100			11101			11101
5		00100			16			11100			11000			11000
6		11100			784			11000			11100			11100
7		11100			784			00111			00111			00111
8		11111			961			00111			00111			00111
9		11100			784			00100			00100			00100
10		00111			49			00100			00100			00100
11		11111			961			00100			00100			00110
12		00101			25			11100			11100			11100
13		11111			961			11100			11101			11101
14		11100			784			00101			00100			00110
15		00111			49			11111			11111			11111
16		00111			49			11111			11111			11111
17		00111			49			00111			00100			00100
18		11111			961			11100			11111			11111
19		11000			576			00111			00100			00100
20		00111			49			11100			11111			11111
21		00111			49			00111			00111			00111
22		01111			225			11111			11111			11111
23		00111			49			11100			11100			11100
24		00100			16			11100			11100			11100
25		00111			49			11100			11111			11111
26		11000			576			00111			00100			00100
27		11111			961			11100			11111			11111
28		00111			49			11111			11100			11100
29		00100			16			11100			11111			11111
30		00000			0			11111			11100			11100
31		11111			961			00101			00111			00111
32		00111			49			00111			00101			00101
Generacion: 4
N		 inicial		x^2		seleccion		cruza		mutacion		
1		00111			49			00110			00100			00100
2		00100			16			11100			11110			11110
3		00100			16			00110			00111			00111
4		11101			841			11111			11110			11110
5		11000			576			00100			00111			00111
6		11100			784			11111			11100			11100
7		00111			49			11100			11111			11111
8		00111			49			00111			00100			00100
9		00100			16			00111			00100			00100
10		00100			16			11100			11111			11111
11		00110			36			00111			00100			00110
12		11100			784			11100			11111			11111
13		11101			841			11111			11100			11100
14		00110			36			00100			00111			00111
15		11111			961			00100			00000			00000
16		11111			961			11000			11100			11100
17		00100			16			00110			00100			00100
18		11111			961			11100			11110			11110
19		00100			16			00100			00111			00111
20		11111			961			00111			00100			00101
21		00111			49			11000			11100			11100
22		11111			961			11100			11000			11000
23		11100			784			11101			11111			11111
24		11100			784			00111			00101			00101
25		11111			961			11100			11111			11111
26		00100			16			00111			00100			00100
27		11111			961			00111			00111			00111
28		11100			784			00111			00111			00111
29		11111			961			00100			00000			00000
30		11100			784			11000			11100			11100
31		00111			49			00110			00110			00110
32		00101			25			00110			00110			00110
Generacion: 5
N		 inicial		x^2		seleccion		cruza		mutacion		
1		00100			16			00110			00111			00111
2		11110			900			00111			00110			00110
3		00111			49			00100			00101			00101
4		11110			900			00101			00100			00100
5		00111			49			00100			00101			00101
6		11100			784			00101			00100			00100
7		11111			961			00100			00111			10111
8		00100			16			11111			11100			11100
9		00100			16			11111			11000			11000
10		11111			961			11000			11111			11111
11		00110			36			00111			00110			00111
12		11111			961			00110			00111			00111
13		11100			784			00110			00100			00100
14		00111			49			00100			00110			00110
15		00000			0			11100			11111			11111
16		11100			784			00111			00100			00100
17		00100			16			00111			00000			00000
18		11110			900			11000			11111			11111
19		00111			49			11111			11111			11111
20		00101			25			00111			00111			00111
21		11100			784			00111			00111			10111
22		11000			576			11111			11111			11111
23		11111			961			00111			00100			00100
24		00101			25			11100			11111			11111
25		11111			961			00110			00100			00100
26		00100			16			00100			00110			00110
27		00111			49			11111			11111			11111
28		00111			49			00111			00111			00111
29		00000			0			00111			00100			00100
30		11100			784			00100			00111			00111
31		00110			36			00110			00111			00111
32		00110			36			00111			00110			00110
Generacion: 6
N		 inicial		x^2		seleccion		cruza		mutacion		
1		00111			49			00101			00111			00111
2		00110			36			00111			00101			00101
3		00101			25			00111			00101			00101
4		00100			16			00101			00111			00111
5		00101			25			00100			00100			00100
6		00100			16			11100			11100			11100
7		10111			529			11000			11111			11111
8		11100			784			11111			11000			11000
9		11000			576			11111			11111			11111
10		11111			961			11111			11111			11111
11		00111			49			00100			00100			00110
12		00111			49			00100			00100			00100
13		00100			16			00111			00100			00100
14		00110			36			00100			00111			01111
15		11111			961			11100			11111			11111
16		00100			16			00111			00100			00100
17		00000			0			11111			11000			11000
18		11111			961			11000			11111			11111
19		11111			961			11111			11111			11111
20		00111			49			11111			11111			11111
21		10111			529			00100			00111			00111
22		11111			961			11111			11100			11100
23		00100			16			00100			00111			00111
24		11111			961			00111			00100			00100
25		00100			16			00111			00100			00100
26		00110			36			00100			00111			00111
27		11111			961			00100			00111			00111
28		00111			49			11111			11100			11100
29		00100			16			00100			00111			00111
30		00111			49			11111			11100			11100
31		00111			49			00111			00111			00111
32		00110			36			11111			11111			11111
Generacion: 7
N		 inicial		x^2		seleccion		cruza		mutacion		
1		00111			49			11111			11111			11111
2		00101			25			11111			11111			11111
3		00101			25			00100			00111			00111
4		00111			49			00111			00100			00100
5		00100			16			00111			00111			00111
6		11100			784			11111			11111			11111
7		11111			961			11111			11111			11111
8		11000			576			11111			11111			11111
9		11111			961			00111			00111			00111
10		11111			961			11111			11111			11111
11		00110			36			00110			00110			00111
12		00100			16			00110			00110			00110
13		00100			16			00111			00100			00100
14		01111			225			00100			00111			00111
15		11111			961			00100			00111			00111
16		00100			16			11111			11100			11100
17		11000			576			00111			00111			00111
18		11111			961			00111			00111			00111
19		11111			961			11111			11100			11100
20		11111			961			00100			00111			00111
21		00111			49			00111			00111			00111
22		11100			784			11111			11111			11111
23		00111			49			00110			00111			00111
24		00100			16			11111			11110			11110
25		00100			16			11111			11111			11111
26		00111			49			11111			11111			11111
27		00111			49			11111			11111			11111
28		11100			784			11111			11111			11111
29		00111			49			11111			11110			11110
30		11100			784			00110			00111			00111
31		00111			49			00100			00100			00100
32		11111			961			11100			11100			11100
Generacion: 8
N		 inicial		x^2		seleccion		cruza		mutacion		
1		11111			961			00111			00111			00111
2		11111			961			00111			00111			00111
3		00111			49			11111			11111			11111
4		00100			16			11111			11111			11111
5		00111			49			11110			11111			11111
6		11111			961			11111			11110			11110
7		11111			961			00100			00111			01111
8		11111			961			00111			00100			00100
9		00111			49			00111			00100			00100
10		11111			961			11100			11111			11111
11		00111			49			11111			11111			11111
12		00110			36			11111			11111			11111
13		00100			16			11111			11111			11111
14		00111			49			11111			11111			11111
15		00111			49			00111			00100			00100
16		11100			784			00100			00111			00111
17		00111			49			11111			11111			11111
18		00111			49			11111			11111			11111
19		11100			784			11111			11111			11111
20		00111			49			11111			11111			11111
21		00111			49			00111			00111			00111
22		11111			961			11111			11111			11111
23		00111			49			11111			11111			11111
24		11110			900			00111			00111			00111
25		11111			961			00111			00110			00110
26		11111			961			00110			00111			00111
27		11111			961			11111			11111			11111
28		11111			961			00111			00111			00111
29		11110			900			11111			11111			11111
30		00111			49			11111			11111			11111
31		00100			16			00111			00111			00111
32		11100			784			00111			00111			00111
Generacion: 9
N		 inicial		x^2		seleccion		cruza		mutacion		
1		00111			49			11111			11111			11111
2		00111			49			11111			11111			11111
3		11111			961			11111			11111			11111
4		11111			961			11111			11111			11111
5		11111			961			00111			00111			00111
6		11110			900			01111			01111			11111
7		01111			225			11111			11111			11111
8		00100			16			01111			01111			01111
9		00100			16			11111			11111			11111
10		11111			961			11111			11111			11111
11		11111			961			00111			00111			10111
12		11111			961			01111			01111			01111
13		11111			961			00100			00111			00111
14		11111			961			00111			00100			00100
15		00100			16			00111			00111			00111
16		00111			49			00111			00111			00111
17		11111			961			00111			00100			00100
18		11111			961			00100			00111			00111
19		11111			961			11111			11111			11111
20		11111			961			00111			00111			00111
21		00111			49			11111			11111			11111
22		11111			961			11111			11111			11111
23		11111			961			11111			11111			11111
24		00111			49			00111			00111			00111
25		00110			36			01111			01111			01111
26		00111			49			11111			11111			11111
27		11111			961			00111			00111			00111
28		00111			49			11111			11111			11111
29		11111			961			11111			11111			11111
30		11111			961			00111			00111			00111
31		00111			49			11111			11111			11111
32		00111			49			00111			00111			00111
Generacion: 10
N		 inicial		x^2		seleccion		cruza		mutacion		
1		11111			961			11111			11111			11111
2		11111			961			11111			11111			11111
3		11111			961			01111			01111			01111
4		11111			961			00111			00111			00111
5		00111			49			00111			00111			00111
6		11111			961			11111			11111			11111
7		11111			961			11111			11111			11111
8		01111			225			01111			01111			01111
9		11111			961			00111			00111			00111
10		11111			961			11111			11111			11111
11		10111			529			00111			00111			10111
12		01111			225			11111			11111			11111
13		00111			49			00111			00111			00111
14		00100			16			00111			00111			00111
15		00111			49			00111			00111			00111
16		00111			49			00111			00111			00111
17		00100			16			00111			00111			00111
18		00111			49			10111			10111			10111
19		11111			961			11111			11111			11111
20		00111			49			11111			11111			11111
21		11111			961			00111			00111			10111
22		11111			961			00111			00111			00111
23		11111			961			00111			00111			00111
24		00111			49			11111			11111			11111
25		01111			225			11111			11111			11111
26		11111			961			11111			11111			11111
27		00111			49			00111			00111			00111
28		11111			961			11111			11111			11111
29		11111			961			11111			11111			11111
30		00111			49			11111			11111			11111
31		11111			961			11111			11111			11111
32		00111			49			10111			10111			10111
Generacion: 11
N		 inicial		x^2		seleccion		cruza		mutacion		
1		11111			961			11111			11111			11111
2		11111			961			00111			00111			00111
3		01111			225			11111			11111			11111
4		00111			49			11111			11111			11111
5		00111			49			11111			11111			11111
6		11111			961			00111			00111			00111
7		11111			961			11111			11111			11111
8		01111			225			10111			10111			10111
9		00111			49			11111			11111			11111
10		11111			961			01111			01111			11111
11		10111			529			10111			10111			11111
12		11111			961			01111			01111			01111
13		00111			49			11111			11111			11111
14		00111			49			11111			11111			11111
15		00111			49			10111			10111			10111
16		00111			49			11111			11111			11111
17		00111			49			00111			00111			00111
18		10111			529			11111			11111			11111
19		11111			961			11111			11111			11111
20		11111			961			11111			11111			11111
21		10111			529			11111			11111			11111
22		00111			49			11111			11111			11111
23		00111			49			11111			11111			11111
24		11111			961			01111			01111			01111
25		11111			961			11111			11111			11111
26		11111			961			11111			11111			11111
27		00111			49			11111			11111			11111
28		11111			961			11111			11111			11111
29		11111			961			11111			11111			11111
30		11111			961			00111			00111			00111
31		11111			961			11111			11111			11111
32		10111			529			00111			00111			00111
Generacion: 12
N		 inicial		x^2		seleccion		cruza		mutacion		
1		11111			961			11111			11111			11111
2		00111			49			11111			11111			11111
3		11111			961			11111			11111			11111
4		11111			961			11111			11111			11111
5		11111			961			10111			10111			10111
6		00111			49			11111			11111			11111
7		11111			961			11111			11111			11111
8		10111			529			11111			11111			11111
9		11111			961			01111			01111			01111
10		11111			961			11111			11111			11111
11		11111			961			11111			11111			11111
12		01111			225			11111			11111			11111
13		11111			961			11111			11111			11111
14		11111			961			10111			10111			10111
15		10111			529			11111			11111			11111
16		11111			961			11111			11111			11111
17		00111			49			11111			11111			11111
18		11111			961			01111			01111			01111
19		11111			961			00111			00111			00111
20		11111			961			11111			11111			11111
21		11111			961			01111			01111			01111
22		11111			961			00111			00111			01111
23		11111			961			01111			01111			01111
24		01111			225			11111			11111			11111
25		11111			961			00111			00111			00111
26		11111			961			01111			01111			01111
27		11111			961			11111			11111			11111
28		11111			961			11111			11111			11111
29		11111			961			11111			11111			11111
30		00111			49			11111			11111			11111
31		11111			961			11111			11111			11111
32		00111			49			11111			11111			11111
Generacion: 13
N		 inicial		x^2		seleccion		cruza		mutacion		
1		11111			961			11111			11111			11111
2		11111			961			11111			11111			11111
3		11111			961			11111			11111			11111
4		11111			961			11111			11111			11111
5		10111			529			11111			11111			11111
6		11111			961			11111			11111			11111
7		11111			961			11111			11111			11111
8		11111			961			11111			11111			11111
9		01111			225			11111			11111			11111
10		11111			961			11111			11111			11111
11		11111			961			11111			11111			11111
12		11111			961			11111			11111			11111
13		11111			961			10111			10111			10111
14		10111			529			11111			11111			11111
15		11111			961			01111			01111			01111
16		11111			961			00111			00111			00111
17		11111			961			00111			00111			00111
18		01111			225			11111			11111			11111
19		00111			49			11111			11111			11111
20		11111			961			11111			11111			11111
21		01111			225			00111			00111			00111
22		01111			225			11111			11111			11111
23		01111			225			10111			10111			10111
24		11111			961			11111			11111			11111
25		00111			49			01111			01111			01111
26		01111			225			11111			11111			11111
27		11111			961			11111			11111			11111
28		11111			961			01111			01111			01111
29		11111			961			11111			11111			11111
30		11111			961			11111			11111			11111
31		11111			961			00111			00111			00111
32		11111			961			11111			11111			11111
Generacion: 14
N		 inicial		x^2		seleccion		cruza		mutacion		
1		11111			961			11111			11111			11111
2		11111			961			11111			11111			11111
3		11111			961			11111			11111			11111
4		11111			961			11111			11111			11111
5		11111			961			01111			01111			01111
6		11111			961			00111			00111			00111
7		11111			961			10111			10111			10111
8		11111			961			10111			10111			10111
9		11111			961			11111			11111			11111
10		11111			961			01111			01111			11111
11		11111			961			10111			10111			11111
12		11111			961			11111			11111			11111
13		10111			529			11111			11111			11111
14		11111			961			11111			11111			11111
15		01111			225			11111			11111			11111
16		00111			49			00111			00111			01111
17		00111			49			11111			11111			11111
18		11111			961			10111			10111			10111
19		11111			961			11111			11111			11111
20		11111			961			01111			01111			01111
21		00111			49			11111			11111			11111
22		11111			961			00111			00111			00111
23		10111			529			01111			01111			01111
24		11111			961			11111			11111			11111
25		01111			225			01111			01111			01111
26		11111			961			11111			11111			11111
27		11111			961			01111			01111			01111
28		01111			225			11111			11111			11111
29		11111			961			11111			11111			11111
30		11111			961			11111			11111			11111
31		00111			49			00111			00111			00111
32		11111			961			11111			11111			11111
Generacion: 15
N		 inicial		x^2		seleccion		cruza		mutacion		
1		11111			961			11111			11111			11111
2		11111			961			11111			11111			11111
3		11111			961			11111			11111			11111
4		11111			961			11111			11111			11111
5		01111			225			00111			00111			00111
6		00111			49			11111			11111			11111
7		10111			529			11111			11111			11111
8		10111			529			11111			11111			11111
9		11111			961			01111			01111			01111
10		11111			961			10111			10111			10111
11		11111			961			11111			11111			11111
12		11111			961			00111			00111			00111
13		11111			961			11111			11111			11111
14		11111			961			01111			01111			01111
15		11111			961			11111			11111			11111
16		01111			225			11111			11111			11111
17		11111			961			11111			11111			11111
18		10111			529			11111			11111			11111
19		11111			961			11111			11111			11111
20		01111			225			10111			10111			10111
21		11111			961			11111			11111			11111
22		00111			49			00111			00111			01111
23		01111			225			11111			11111			11111
24		11111			961			00111			00111			00111
25		01111			225			11111			11111			11111
26		11111			961			00111			00111			00111
27		01111			225			11111			11111			11111
28		11111			961			11111			11111			11111
29		11111			961			11111			11111			11111
30		11111			961			11111			11111			11111
31		00111			49			01111			01111			01111
32		11111			961			11111			11111			11111
